





71_70, 68 68 68 68 68 68 71 66 68 68 71 66 68 68 71 66;
70_68, 71 66 70 66 70 63 70 61 70 63 70 61 70 63 70 61;
68_71, 70 71 70 71 70 71 70;
68_66, 71 63 66 66 66;
66_71, 70 71 71;
68_70, 71 68 68 71 71 68 68 71 71 68 68 71 71;
70_71, 70 70 68 73 69 70 68 73 71 70 68 73;
66_63, 63 66 66 70 66 70 70;
63_63, 64 63 61 63 61 68 63 61 63 61 68 63 61 63 61 68;
63_64, 56 56;
64_56, 59 58;
56_59, 63 63 63 63;
59_63, 64 61 61 61;
56_58, 61;
58_61, 59;
61_59, 59 61 61 56 61 61 61 56 61 61 56;
59_59, 59 61;
59_61, 63 63 61 63 63 61 63 61;
61_63, 63 66 68 63 66 68 66 63 66 68 66;
63_61, 59 63 59 61 59 63 59 63 59 63 59 63;
63_66, 66 68 66 68 71 66 68 71;
66_66, 63 68 63 68 75 63 68 75 75;
66_68, 63 63 63 63 63 63;
68_63, 63 63 61 63 63 61 71 63 63 61 71 71;
63_68, 63 66 63 66 63 66;
61_61, 61 59 59 61 59 61 59;
59_56, 59 59 59;
71_71, 71 70 71 70 71 71 66 74 71 70 71 70 71 71 66 71 71 70 71 70 71 71 66;
63_71, 71 71 71;
68_61, 73 73 73;
61_73, 73 73 73;
73_73, 71 71 71;
73_71, 73 73 60 73 73 73 73;
71_73, 68 68 68 71 68 68 68 68 68 68;
73_68, 71 71 70 71 71 70 71 71 70;
71_66, 66 66 66;
66_75, 73 73 73;
75_73, 71 71 71;
70_66, 63 63 63;
63_70, 71 71 71;
71_68, 68 68 68;
68_68, 68 70 68 70 68 70;
71_69, 69;
69_69, 76;
69_76, 74;
76_74, 72 72 78;
74_72, 74 74;
72_74, 81 81;
74_81, 79 79;
81_79, 67 77 78;
79_67, 69;
67_69, 71;
69_71, 71;
71_74, 73;
74_73, 69;
73_69, 73 80;
69_73, 76;
73_76, 81;
76_81, 79;
79_77, 76;
77_76, 74;
79_78, 81;
78_81, 78;
81_78, 74;
78_74, 71;
74_71, 76;
71_76, 73;
76_73, 69;
69_80, 78;
80_78, 76;
78_76, 74;
74_78, 71;
78_71, 73;
71_60, 61;
60_61, 63;
